100
-100 0 0 0
-99 1 2 2
-98 3 5 5
-97 4 7 7
-96 6 9 9
-95 7 12 12
-94 8 14 14
-93 10 16 16
-92 11 19 18
-91 12 21 21
-90 14 23 23
-89 15 26 25
-88 16 28 28
-87 18 30 30
-86 19 33 32
-85 21 35 34
-84 22 37 37
-83 23 40 39
-82 25 42 41
-81 26 44 44
-80 28 47 46
-79 29 49 48
-78 30 51 51
-77 32 54 53
-76 33 56 55
-75 35 58 58
-74 36 61 60
-73 37 63 62
-72 39 65 65
-71 40 68 67
-70 42 70 69
-69 43 72 72
-68 44 75 74
-67 46 77 76
-66 47 79 79
-65 49 82 81
-64 50 84 83
-63 51 86 86
-62 53 89 88
-61 54 91 90
-60 56 93 93
-59 57 96 95
-58 58 98 97
-57 60 100 100
-56 61 103 102
-55 63 105 104
-54 64 107 107
-53 65 110 109
-52 67 112 111
-51 68 114 114
-50 70 117 116
-49 71 119 118
-48 72 121 121
-47 74 124 123
-46 75 126 125
-45 77 128 128
-44 78 131 130
-43 79 133 132
-42 81 135 135
-41 82 138 137
-40 84 140 139
-39 85 142 142
-38 86 145 144
-37 88 147 146
-36 89 149 149
-35 91 152 151
-34 92 154 153
-33 93 156 156
-32 95 159 158
-31 96 161 160
-30 98 163 163
-29 99 166 165
-28 100 168 167
-27 102 170 170
-26 103 173 172
-25 105 175 174
-24 106 177 177
-23 107 180 179
-22 109 182 181
-21 110 184 184
-20 112 187 186
-19 113 189 188
-18 114 191 191
-17 116 194 193
-16 117 196 195
-15 119 198 198
-14 120 201 200
-13 121 203 202
-12 123 205 205
-11 124 208 207
-10 126 210 209
-9 127 212 212
-8 128 215 214
-7 130 217 216
-6 131 219 219
-5 133 222 221
-4 134 224 223
-3 135 226 226
-2 137 229 228
-1 140 231 249
0  238 206 149
2 238 206 149
4 238 206 149
6 238 206 149
8 238 206 149
10 124 197 111
12 121 192 108
14 119 188 106
16 116 183 103
18 114 179 101
20 111 174 98
22 109 170 96
24 106 165 93
26 104 161 91
28 101 156 88
30 99 152 86
32 96 147 83
34 94 143 81
36 91 138 78
38 89 134 76
40 86 129 73
42 84 125 71
44 81 120 68
46 79 116 66
48 76 111 63
50 74 107 61
52 138 138 138
54 132 132 132
56 127 127 127
58 121 121 121
60 116 116 116
62 110 110 110
64 105 105 105
66 99 99 99
68 94 94 94
70 88 88 88
72 83 83 83
74 77 77 77
76 72 72 72
78 66 66 66
80 61 61 61
82 255 255 255
84 255 255 255
86 255 255 255
88 255 255 255
90 255 255 255
92 255 255 255
94 255 255 255
96 255 255 255
98 255 255 255
100 255 255 255


